     1    128     96


 1

     1      6    -4.3317134765   0.013145004526       1.6826  AAAAAA
     2      1    -7.4786143125   0.000565039842       0.0723  AAAAAD
     3      1    -6.0240035761   0.002419961674       0.3098  AAAAAS
     4      1   -10.8892854291   0.000018657069       0.0024  AAAAEK
     5      1    -7.5991022048   0.000500900938       0.0641  AAAAGA
     6      1    -6.9007924408   0.001006987135       0.1289  AAAATA
     7      1   -10.7632467201   0.000021163200       0.0027  AAAQAS
     8      1   -14.5563809209   0.000000476699       0.0001  ATATAD
     9      8    -4.7558354694   0.008601355521       1.1010  CCCCCC
    10      2    -4.4360766632   0.011842308863       1.5158  DDDDDD
    11      1    -6.4880788208   0.001521469217       0.1947  DDDDED
    12      1    -9.9632766677   0.000047098158       0.0060  DDDDSN
    13      1   -14.0078240666   0.000000825048       0.0001  DDDQKD
    14      1    -8.5459345504   0.000194333549       0.0249  DDDSDD
    15      1   -11.3999233869   0.000011196343       0.0014  DNNNDN
    16      2    -4.1126037515   0.016365108329       2.0947  EEEEEE
    17      1    -7.6789818203   0.000462445512       0.0592  EEEEES
    18      1   -19.0384610354   0.000000005391       0.0000  EQRQEG
    19      1   -17.6889044718   0.000000020788       0.0000  EQRQKR
    20      1    -4.1403610174   0.015917104116       2.0374  FFFFFF
    21      1    -7.1370004744   0.000795133546       0.1018  FFFYFF
    22      1   -19.4903902411   0.000000003431       0.0000  GDGNSN
    23      1    -6.4999119589   0.001503571563       0.1925  GGGGGE
    24      4    -3.5563829661   0.028541875162       3.6534  GGGGGG
    25      1    -7.1182576887   0.000810177103       0.1037  GGGGGN
    26      1    -8.8252767109   0.000146970788       0.0188  GGGGSA
    27      1   -11.1293085456   0.000014675831       0.0019  GGGGTN
    28      1   -10.5379436607   0.000026511190       0.0034  GGGNGS
    29      1   -13.7658525356   0.000001050912       0.0001  GGGRNS
    30      1   -12.4737175778   0.000003825897       0.0005  HHHGHN
    31      1    -9.9327456921   0.000048558287       0.0062  HHRHHH
    32      1    -4.6880367065   0.009204740034       1.1782  IIIIII
    33      2    -6.3341854076   0.001774590818       0.2271  IIIIIL
    34      1    -7.1205344801   0.000808334597       0.1035  IIIIIM
    35      1   -10.6828007156   0.000022936048       0.0029  IILIVI
    36      1   -12.0788845890   0.000005678153       0.0007  IIVTVV
    37      4    -4.1168014186   0.016296557031       2.0860  KKKKKK
    38      1    -9.9604835838   0.000047229891       0.0060  KKKQKE
    39      1   -17.5077934570   0.000000024915       0.0000  KQQREA
    40      1   -13.1403054100   0.000001964436       0.0003  KRRRHK
    41      1   -13.0770958432   0.000002092615       0.0003  KRRRKA
    42      1   -18.4532311742   0.000000009680       0.0000  KRRYKG
    43      1    -6.8753647531   0.001032920809       0.1322  LLLFLL
    44      3    -3.3436722416   0.035307063300       4.5193  LLLLLL
    45      1    -6.2498174272   0.001930806617       0.2471  LLLLLM
    46      1    -7.0985683208   0.000826287055       0.1058  LLLLML
    47      1   -13.3582264334   0.000001579778       0.0002  LLLNLQ
    48      1   -12.4976518084   0.000003735414       0.0005  LLMMLM
    49      1    -8.4402716884   0.000215991460       0.0276  NDDDDD
    50      1   -12.4554617506   0.000003896383       0.0005  NDDDNE
    51      1   -10.0162263892   0.000044669197       0.0057  NNNDDN
    52      1    -9.5885046595   0.000068511794       0.0088  NNNDNK
    53      1    -7.4844805047   0.000561734913       0.0719  NNNDNN
    54      1    -7.9828298422   0.000341272308       0.0437  NNNNDD
    55      1    -7.0978771045   0.000826858395       0.1058  NNNNNK
    56      3    -4.9934781442   0.006782034528       0.8681  NNNNNN
    57      1   -13.8203173912   0.000000995205       0.0001  NNNRSK
    58      1   -12.8535409703   0.000002616846       0.0003  PPAPPN
    59      1    -7.5303880541   0.000536530014       0.0687  PPPPPR
    60      1   -15.6354060622   0.000000162043       0.0000  QQQGSE
    61      1   -11.7538525855   0.000007858989       0.0010  QQQKRK
    62      1    -9.5161673944   0.000073651401       0.0094  QQQQED
    63      1    -6.7168324082   0.001210366094       0.1549  QQQQQK
    64      1    -4.7119727507   0.008987030911       1.1503  QQQQQQ
    65      1   -13.0785747530   0.000002089523       0.0003  RHRRKK
    66      1   -13.7707613673   0.000001045766       0.0001  RRRQKV
    67      1    -6.7070636099   0.001222247857       0.1564  RRRRKR
    68      1    -7.3919815616   0.000616173757       0.0789  RRRRRH
    69      1    -5.7942938347   0.003044879856       0.3897  RRRRRK
    70      1   -10.6916628813   0.000022733683       0.0029  RRRRTS
    71      1    -9.6397695461   0.000065088053       0.0083  SNSSSS
    72      1   -14.8846112881   0.000000343317       0.0000  SSRRSR
    73      1   -10.3672668547   0.000031445117       0.0040  SSRSSS
    74      1   -12.0330447794   0.000005944496       0.0008  SSSPSM
    75      1    -6.5953019410   0.001366774163       0.1749  SSSSSN
    76      3    -4.7199976624   0.008915199388       1.1411  SSSSSS
    77      1   -13.5323659145   0.000001327297       0.0002  TTTRTF
    78      1    -7.5789921336   0.000511076060       0.0654  TTTTTK
    79      1    -6.1977913365   0.002033917919       0.2603  TTTTTS
    80      1    -4.7366558162   0.008767918744       1.1223  TTTTTT
    81      1   -15.0254769374   0.000000298207       0.0000  VIIVVY
    82      1   -12.6772291282   0.000003121399       0.0004  VVMVLV
    83      1    -7.4421631102   0.000586016208       0.0750  VVVIVI
    84      1    -8.1840673771   0.000279064568       0.0357  VVVIVL
    85      1   -13.1420942311   0.000001960925       0.0003  VVVKVS
    86      1    -9.1211475035   0.000109329150       0.0140  VVVLVL
    87      1    -6.3607613473   0.001728050564       0.2212  VVVVIV
    88      1    -7.7216179106   0.000443143058       0.0567  VVVVLL
    89      1    -8.6980005140   0.000166919230       0.0214  VVVVVK
    90      1    -4.4324005786   0.011885922307       1.5214  VVVVVV
    91      1   -15.9416112478   0.000000119302       0.0000  WWWHWY
    92      4    -4.7126725848   0.008980743681       1.1495  WWWWWW
    93      1   -10.8648896589   0.000019117820       0.0024  YYYYWW
    94      2    -6.3130421799   0.001812510859       0.2320  YYYYYF
    95      1    -9.1366626384   0.000107645984       0.0138  YYYYYG
    96      2    -4.3177514228   0.013329823005       1.7062  YYYYYY