

TREE # 1

  0  0.0000   1065.914734  x:  0.04753   0.00000   0.05664   0.05273   0.07031   0.17383   0.01367   0.18066   0.35839  
  1 99.0000   1060.139479  x:  0.04724   0.04095   0.05865   0.05200   0.07087   0.17585   0.02213   0.18262   0.36074  
  2 1215.3141   1049.673684  x:  0.03158   0.03220   0.08922   0.02499   0.05888   0.21644   0.15255   0.22435   0.40770  
  3 207.4142   1047.651224  x:  0.00508   0.03154   0.08527   0.05410   0.06629   0.24979   0.15200   0.23453   0.45588  
  4 66.6207   1044.947253  x:  0.00522   0.03270   0.07060   0.02896   0.07138   0.31271   0.12480   0.24346   0.55380  
  5 86.2254   1044.606836  x:  0.01247   0.03292   0.08493   0.03175   0.06123   0.31567   0.11818   0.24251   0.57444  
  6 36.2076   1044.499789  x:  0.00682   0.03313   0.08809   0.02840   0.05852   0.30627   0.11637   0.24085   0.58598  
  7 16.2217   1044.329200  x:  0.01136   0.03276   0.08574   0.02991   0.06354   0.28234   0.11910   0.23824   0.61220  
  8 22.8738   1044.325245  x:  0.01157   0.03280   0.08432   0.03028   0.06190   0.28178   0.11945   0.23795   0.61289  
  9  3.5776   1044.324036  x:  0.01144   0.03275   0.08426   0.03036   0.06201   0.28228   0.12013   0.23513   0.61322  
 10  0.3981   1044.197290  x:  0.00694   0.03118   0.08214   0.03486   0.06412   0.29389   0.11128   0.24117   0.63684  
 11  0.0388   1044.098380  x:  0.01196   0.02669   0.07966   0.03185   0.06422   0.29453   0.10349   0.24099   0.65209  
 12  0.0059   1044.003856  x:  0.01053   0.02182   0.08138   0.03257   0.06460   0.28817   0.10319   0.24094   0.64193  
 13  0.0082   1043.994326  x:  0.00988   0.02083   0.08156   0.03343   0.06460   0.28849   0.10559   0.24111   0.63293  
 14  0.0097   1043.993989  x:  0.00986   0.02096   0.08159   0.03344   0.06463   0.28926   0.10648   0.24098   0.63318  
 15  0.0007   1043.993918  x:  0.00980   0.02083   0.08161   0.03339   0.06463   0.28929   0.10665   0.24097   0.63380  
 16  0.0005   1043.993916  x:  0.00978   0.02084   0.08162   0.03339   0.06462   0.28925   0.10667   0.24099   0.63383  
 17  0.0001   1043.993916  x:  0.00978   0.02084   0.08162   0.03339   0.06462   0.28925   0.10667   0.24100   0.63383  
 18  0.0000   1043.993916  x:  0.00978   0.02084   0.08162   0.03339   0.06462   0.28925   0.10667   0.24100   0.63383  